0.13786472609722644 0.32183847044204983 0.978096718738535
0.4500262246447858 0.32183847044204983 0.5825056233175101
0.8600095490743519 0.32183847044204983 0.5351420201268275
0.6763708100751821 0.32183847044204983 0.5879774391036601
0.08941685874024041 0.32183847044204983 0.9134005672146133
0.289182061869241 0.32183847044204983 0.941426320377459
0.0776028994263761 0.32183847044204983 0.8814311669578259
0.815503702662909 0.32183847044204983 0.6060451388327054
0.5025689748597411 0.32183847044204983 0.5054896405144198
0.6632978005537409 0.32183847044204983 0.5817982514811183
0.7709283553593426 0.32183847044204983 0.6426395025844771
0.13484205272074423 0.32183847044204983 0.9918085014197368
0.5330083448366622 0.32183847044204983 0.500758511134519
0.7613007027071677 0.32183847044204983 0.6600044938357972
0.39634957713798846 0.32183847044204983 0.6931597440608953
0.6165881039031138 0.32183847044204983 0.5324657688818168
0.2462003764506997 0.32183847044204983 1.0238975082053081
0.8841327475101536 0.32183847044204983 0.5069265229042821
0.21076499027748496 0.32183847044204983 1.055350694275814
0.6340016642171188 0.32183847044204983 0.533841311878814
0.439191277417875 0.32183847044204983 0.5909792321206003
0.7440459622523637 0.32183847044204983 0.6441477841990296
0.12354320452321232 0.32183847044204983 0.9612426988312411
0.8748855829263802 0.32183847044204983 0.5181284408111883
0.40122310848223364 0.32183847044204983 0.6739177109895493
0.5038170208684193 0.32183847044204983 0.5036999626069361
0.19330222229871463 0.32183847044204983 1.0315120725610298
0.018556478397075082 0.32183847044204983 0.7637871833351435
0.10318767215062463 0.32183847044204983 0.9581122034553956
0.9670046658893713 0.32183847044204983 0.32115196321987355
0.6778875565844379 0.32183847044204983 0.5991163352276719
0.2300265291544077 0.32183847044204983 1.038173583273117
0.9022247291551128 0.32183847044204983 0.444495661505739
0.3067030449618994 0.32183847044204983 0.9233780083742432
0.15474170861470748 0.32183847044204983 1.0324166104359456
0.30573112748250886 0.32183847044204983 0.9195657690556229
0.5432663788455099 0.32183847044204983 0.4772718011209301
0.5388267053512055 0.32183847044204983 0.4880437939679507
0.9101426432728972 0.32183847044204983 0.43067043931982085
0.8190065610092641 0.32183847044204983 0.6020341451244301
0.7426912794687759 0.32183847044204983 0.6558293247012992
0.49117004489952754 0.32183847044204983 0.5186600467194891
0.9372357192495343 0.32183847044204983 0.35456409725963967
0.6089270997165124 0.32183847044204983 0.541771085795984
0.9745750858917533 0.32183847044204983 0.29783533919021155
0.0917043780829252 0.32183847044204983 0.9239558922844103
0.3138280928827576 0.32183847044204983 0.8986195031678968
0.7854322964881024 0.32183847044204983 0.622436280266775
0.9191293312700535 0.32183847044204983 0.4308746420467014
0.9445553426318087 0.32183847044204983 0.3779952886894633
0.48892312692102957 0.32183847044204983 0.5279534325225522
0.6134626865480962 0.32183847044204983 0.5168385658290866
0.8954116087020333 0.32183847044204983 0.4696462012321049
0.38120658259665074 0.32183847044204983 0.7312578774606372
0.5346301110107812 0.32183847044204983 0.4982673486817746
0.8960822507014163 0.32183847044204983 0.47448162107780556
0.7167386527370371 0.32183847044204983 0.6338393768922899
0.8373648838761358 0.32183847044204983 0.5785332075599073
0.8787702418434072 0.32183847044204983 0.5017523443595674
0.1978444451646475 0.32183847044204983 1.0081099522838268
0.7204558117355767 0.32183847044204983 0.6218729462729989
0.22139532995312894 0.32183847044204983 1.042489467403661
0.719645423631512 0.32183847044204983 0.6566848758386762
0.3529236530037334 0.32183847044204983 0.7919906541550119
0.05825522554069651 0.32183847044204983 0.8392242533170415
0.5564858171893171 0.32183847044204983 0.4851238530173318
0.39518757748282163 0.32183847044204983 0.6835988581807177
0.22848811669494362 0.32183847044204983 1.0366611773382892
0.9659571809451468 0.32183847044204983 0.32310201910319564
0.08022739478919083 0.32183847044204983 0.9048669116179371
0.8827273644743975 0.32183847044204983 0.49813452064547387
0.17548866829932352 0.32183847044204983 1.0476725080154121
0.2569084122326203 0.32183847044204983 1.0001880626923634
0.916338741001785 0.32183847044204983 0.4311505776440392
0.3365260023714157 0.32183847044204983 0.8375599189891586
0.36419725126487246 0.32183847044204983 0.7805214411496797
0.9389707629560029 0.32183847044204983 0.3795406865889845
0.7304310214471106 0.32183847044204983 0.6258450326371199
0.8791536718358477 0.32183847044204983 0.5160653707049168
0.09724976762107751 0.32183847044204983 0.9138283058486487
0.5733832160621805 0.32183847044204983 0.5101354511058627
0.4010309820614706 0.32183847044204983 0.6739914387911211
0.08061448728263254 0.32183847044204983 0.8923662594987076
0.9149290589670966 0.32183847044204983 0.4296781700414799
0.42428565967927767 0.32183847044204983 0.6102388023622631
0.871192349150632 0.32183847044204983 0.5157275785271997
0.6518205118339397 0.32183847044204983 0.5798907003036146
0.6514625918253784 0.32183847044204983 0.5670612047943954
0.638763607657833 0.32183847044204983 0.5422522367487306
0.27679401905098855 0.32183847044204983 0.9758106722975132
0.1747565275922346 0.32183847044204983 1.021534647252348
0.09577381686897324 0.32183847044204983 0.9323992553226247
0.08432593369379504 0.32183847044204983 0.8821810040809901
0.8494065512017722 0.32183847044204983 0.5550327909690324
0.45806384722573434 0.32183847044204983 0.5706784213199886
0.6303228115887194 0.32183847044204983 0.542170752425331
0.8322052644826919 0.32183847044204983 0.6048807212473553
0.3974109737403507 0.32183847044204983 0.6923266902478098
0.6999520278711439 0.32183847044204983 0.6236686295780892
0.369490195945974 0.32183847044204983 0.7601221609315655
