0.009358613807764704 0.5040188252613212
0.49905781085198797 1.4300895899293387
0.11338368993483516 0.5649108762605398
0.049974018177630475 0.40475456758108563
0.6854075942430917 1.8813713360086117
0.4869880682157304 1.5198654317858664
0.8976572264432696 2.1861772000036788
0.6474520707432663 1.9589431003502826
0.8969631227909967 2.0116285245723877
0.7211349291646855 2.066579154680062
0.8313534207761898 2.046148794378043
0.8275680688218048 2.041332689835173
0.8335795840581405 1.9896269996932996
0.9570443356628054 1.9711947036325324
0.3680444370049888 1.3852397216631736
0.4948376298852877 1.3786706738866445
0.3395094745874908 1.1170276362368967
0.6194293262449903 1.9378890593686406
0.9775296384212853 1.9917953707841358
0.09643307763797171 0.7084422877083614
0.7442062122546155 1.9282405090368266
0.2924994740953817 0.9942271414671188
0.29867535096495224 1.1490551968128415
0.7524734726898578 2.266651983215849
0.018663727705075295 0.544928251746532
0.5237374359849274 1.5082331868308803
0.8644358472003689 2.1126517778833223
0.38884284026397764 1.330621770110559
0.21219184946689085 0.8358731440985017
0.4751807042608416 1.4188786950271775
0.5646724179652427 1.7149962376130978
0.3494292959967553 1.0403158488247608
0.9759086269475601 2.0351416949525007
0.037820043672969206 0.3870751064857405
0.7942696863674978 2.0510978587648627
0.3578826023050333 1.2494522846278142
0.7479639528617826 1.8645811713002862
0.9145093066702177 2.0909564670439584
0.37266242389229254 1.281488963659399
0.964883473247271 1.9068529456465069
0.08138577313998274 0.4183171675686361
0.04245099105805372 0.44535863060161807
0.29679603293603984 1.0326711538288982
0.3637036253979742 1.0775015056771162
0.4902551755159793 1.4919518025805676
0.6685187378675946 1.8872786754682924
0.673414629518269 1.838286836351237
0.5721006401618445 1.6798066970717442
0.0805922429153243 0.6062029029504479
0.8983312642659431 2.1166729946556155
0.038388527198505495 0.4281597431600271
0.7821944206920616 2.0664400700697745
0.03665635666309819 0.4659079975047126
0.2671838475497442 0.9841354429972947
0.2052238453808367 0.8870402511378372
0.2588944289590802 0.9567722930468758
0.9326152878803907 2.0952832096703817
0.008124911838358728 0.6418016785069744
0.40347318162122725 1.2704994624065697
0.8941022101250973 2.284088071719018
0.20420902740468538 0.9755304480513548
0.021776014316907122 0.5379139806396623
0.6971671199504493 1.8836348982380837
0.19102334596097692 0.7776221781794033
0.54643298763753 1.6013491231062171
0.6032252007736969 1.636854373068576
0.9887938578309889 2.181936201637524
0.09244605210519907 0.666985650229672
0.06428732001989301 0.6600905211070032
0.9879519931621606 1.921041044473837
0.4521080197539924 1.3388255123756672
0.853911191953852 2.1266104492124325
0.40144506971901617 1.3903299762984946
0.388206443291484 1.2397358307917923
0.8844074381169864 1.9049620105832505
0.6519728814948943 1.8002841344985931
0.7767990427497373 1.983672787169054
0.09632966441971946 0.534467790678728
0.9661620512072584 2.1433799044474657
0.3222640366285925 0.9291761236219953
0.29316833237526385 0.8399407124789386
0.7016298039373616 1.8475774018156153
0.35827766407622386 0.9388609447788765
0.1581709784928026 0.4514392359847521
0.008230608771331971 0.5837483831389827
0.8299950023012593 2.1902756217059345
0.626445146769009 1.9114796836055183
0.8714382738423947 2.17603839094582
0.6259073187101303 1.9233203965341823
0.13063770166091837 0.5935419923722386
0.45243008929700157 1.3774095833921967
0.1943746914481067 0.9003314114941654
0.9448632172453963 1.9384956493030925
0.41798054411863106 1.2567447893544568
0.07896470163603009 0.6051021497116104
0.8663845557435743 1.9154719188369844
0.6864983763086265 1.8649811191826797
0.01976159293409907 0.6399737983032593
0.07446143655554527 0.7087225075203895
0.02533676652235639 0.5507069451084992
0.44890881313388464 1.2665728540462096
0.5095921352723952 1.4946717522875037
0.7745001649412282 2.1600737264142422
0.28481374567502626 0.8285433053438366
0.0783549949747161 0.5834414767882109
0.9155521265456164 2.096578789989293
0.6429808639679507 1.7614534499066505
0.8171807514937439 2.152306015113229
0.6366431918377362 1.7609943136135988
0.7712856213032948 2.171595970659543
0.20521455614241624 0.7925482407567104
0.7481559796525611 2.1458762147433825
0.1657201901777039 0.4123861397409079
0.2782322156233388 0.8272917527302586
0.3846323984070552 1.0875682441944718
0.2510873719811286 1.0140169371192158
0.24124747063629115 0.8147681279694668
0.841467701816542 2.1483686348374422
0.02093154791445695 0.4785745905877916
0.8949184998058468 2.0820413679629377
0.4361298294686018 1.3043865641015702
0.26597978441899095 0.9072400887425408
0.9052441716549023 2.4295941357449813
0.5598155115311021 1.6531553723606105
0.10903118077066576 0.6741394808733291
0.7015135048421537 1.973267005156445
0.8227111958304791 2.1707596169627017
0.7385062436618092 2.0097395246816587
0.9878939995349252 2.1433815010539643
0.15918045088787258 0.5628543851901104
0.9880797345309785 1.8281119413076388
0.7262849802515444 1.9120929692365083
0.6000939606301043 1.7993455487662053
0.1583645012309317 0.783495261029901
0.07333447221727607 0.4971213961120087
0.21758939605182348 0.855513818048889
0.3042822139387391 0.8774234085981707
0.8070255868829371 2.0038223856479696
0.3650634338277222 1.2835418797533054
0.8687615047786919 2.109051808995666
0.1029118115550628 0.5818394539021419
0.48055126824261374 1.4237730026425943
0.25392985503688825 0.8587057849827148
0.45698405517219665 1.5610089795027733
0.4675362344267553 1.3815502933365715
0.328206810479995 1.264867184524084
0.00412488825059254 0.6865663162320668
0.08907635059276142 0.6473373232774761
0.2523524408772907 0.787884641597072
0.6953091172284835 1.869354276423273
0.47908377463620844 1.4055130095443573
0.980615606050284 1.902907815116365
0.09640319786541829 0.713700514452313
0.10310029056229042 0.6518040258034132
0.6289226340159657 1.7529030569657635
0.937742977144682 2.222509262322292
0.8227255252987415 2.0175144680353294
0.9198113639144517 2.1550428440751928
0.22591432496461616 0.93867197447283
0.9038092618258052 2.1246823909348502
0.2226002373908197 0.8484450924338622
0.45125969096745 1.4867570349548398
0.7320575474259751 1.9616817118519414
0.10571303618884476 0.6673605710471925
0.5793228658072813 1.7057819674152068
0.42616238547658736 1.3203691334787186
0.08025891160767584 0.5681052443144862
0.29913301079263943 0.9756902953745723
0.3661095241429688 0.9624350536174104
0.40659057063823456 1.1358195513478897
0.9170360848397897 1.915924954317982
0.9999480573334416 2.2025493974102024
0.24392272744957078 0.8232824255379061
0.962666778688553 2.1634438786535695
0.7310238552642716 2.038324961405592
0.2762140510391864 0.7956655230530166
0.34468690471496555 1.0839347522379739
0.7938813405123656 1.971540949055146
0.8275322323278688 2.0352702430004936
0.9369861657028227 2.0051761822730683
0.6113281439655812 1.9259331603649534
0.4676235810463921 1.6135560818209023
0.3970210966960315 1.3058266059475947
0.6058148021987384 1.8872172797083002
0.7479725641835479 2.013331301598931
0.9982097518248666 1.8919667740289423
0.07437135023722319 0.4776458406131193
0.18108142957618611 0.6457068114798399
0.24375407914394276 0.9308053764964376
0.9302953940507334 2.032159945706876
0.9073833086077636 1.9470508143386676
0.7915264191542518 1.956658590574092
0.5371501663911695 1.7141151084501167
0.7915511834088815 2.011012642883006
0.10298786087219236 0.6148138946978507
0.5975512109364486 1.59777034700969
0.24111071467031797 0.8304144306870315
0.03797707837197817 0.584538697009986
0.9162567398347564 2.043811898920683
0.0955483251385999 0.5056111948903057
0.6640282286175997 1.7008283135617557
0.3196820481788146 1.0288096086838054
0.6851753744696456 1.9024858634033301
0.5188824946220216 1.6089594598465171
0.9521469069508048 2.028650938048132
0.5043497348107511 1.5110068530825065
0.21521951630635627 0.6375873725922168
0.9997688641576655 2.065885350853896
0.22486630157262333 0.806425023093139
0.6807193940105578 1.9244132093088187
0.23748702923987408 0.928434715753967
0.9974758676213422 1.8901249734264276
0.21249128382013893 0.7002078398073018
0.5667376079288265 1.7331946824279756
0.8079999651477238 1.916100159340639
0.6437052742240176 1.731993760022004
0.12812359248599692 0.614385667267274
0.06745915336632702 0.4790231953783162
0.8998380948952734 2.0228353880788488
0.03921616339688705 0.604015888847693
0.9889569472649389 2.0434223345210167
0.3058171650374013 1.042089850360671
0.7183431392788411 1.9819606516842423
0.5737233183904755 1.4988206652793303
0.33115770946300405 1.1716586829192577
0.5431837308371449 1.6684151324710952
0.9681175982693558 1.9913677576561464
0.7128662288998301 1.9027072477619795
0.1527746155102626 0.7036474806766698
0.9325810435993479 1.9446284164449266
0.7083886982368504 2.137753476204513
0.8977837206165953 2.038723929117999
0.34950526089819 1.2696940274515423
0.5453368481795807 1.7796672770957227
0.7011118998939194 2.0674359023706503
0.5277344425224122 1.62012636675104
0.1084841892425753 0.6750402577071576
0.24501493924326656 0.9061241919837792
0.8306524480102394 2.0617424098578874
0.5486096971143625 1.7093691069788957
0.05725959907741296 0.4492168332430142
0.43171819293273705 1.2637941716046923
0.2585492339349985 0.8020827851244813
0.8243875004657338 2.1616096873779913
0.42011291592749656 1.266882246305035
0.8026726276892897 2.305426270444829
0.9213398720694981 2.231082156620234
0.7664697650383376 2.0784706244407793
0.5044572452099255 1.599880706716745
0.8938250966725786 2.208345359766988
0.8027114168546675 2.042126156198463
0.18721858125664181 0.6491509620450373
0.18089772951011351 0.7091931278256398
0.36329184376652024 1.146927264425247
0.6499845992922145 1.9385096291715402
0.6270491893445859 1.7617070651182472
0.7823162990190253 1.966959082350289
0.7571479043151323 1.9435584895388271
0.37924928072321507 0.9842961300029153
0.21997542961405614 0.5683205700355609
0.9388287277592953 2.2125787369646583
0.38567946639344697 1.0951211663098106
0.43625009828571193 1.30508444570315
0.34727060114640484 1.1129443490535396
0.8836698756176184 2.0978459571956907
0.7094749072152289 1.9084659834195368
0.6774948000472548 1.843616179122005
0.3998022368975307 1.2474869784266118
0.8577276775627367 2.1316061202318206
0.149724701502024 0.7471029664534048
0.7246369692407943 1.9312190256923232
0.9110148110503625 1.9747763713743152
0.8623517826043308 2.1286510564085575
0.30561119316759244 1.0321313273161974
0.5003757079383048 1.382997871909121
0.17060623570940037 0.5934867137094649
0.2820119129717493 0.905511393659912
0.6284493872987934 1.8321310939192788
0.32590656677880825 0.9311135884434709
0.09860323844713126 0.6522437023678136
0.04614810463435681 0.36138147894973127
0.10024111690057858 0.6347494576424324
0.6709562731118 1.7119600511058581
0.9328017048739017 2.337970074111823
0.6655774560698595 1.9971933427607242
0.00985878323678413 0.4798583377255919
0.575647091448733 1.6432889681719898
0.03012906466051002 0.3880307455520785
0.08123281210962363 0.5884803170847128
0.6955181000669469 2.044998945901969
0.008143516735097722 0.6261593372601011
0.2316387575400266 0.7666255030963368
0.18934980822304326 0.6504852350009052
0.4118357859586269 1.2306005122633585
0.804520567834882 2.2960406921127587
0.508643565515634 1.4913196777568787
0.8647114943460719 2.1466864336938056
0.23965139331761198 0.7954483172677143
0.17604176719450348 0.9358741097289769
0.7057081199050886 1.8971569639052468
0.4603498769710722 1.5732184649933034
0.2410939703626913 0.9090084242391109
0.8215680145981943 2.054198777513212
0.8494769123473067 2.3518992188578824
0.9344125319482416 2.1359981789211293
0.018109519424871268 0.5605710264973472
0.7869277258551716 1.8845071430035416
0.1449278620111616 0.7520157680532469
0.47293937249567153 1.547388655526146
0.9841109115638279 2.006266041476628
0.5733068402686066 1.8712408667615517
0.8609471607083007 2.1303669829736367
0.6103289925245567 1.697444667343981
0.8200005734821764 2.226854041869303
0.9579296112304487 2.093509098684893
0.8082572398073136 2.0704820432464217
0.35329702082543 1.189918131754976
0.6161714734261504 1.6789799705858137
0.9048752992261709 2.006154546451838
0.3494837992143035 1.0150321611310538
0.821590120239893 2.0611461340782147
0.07601741574535992 0.4431391091359612
0.6100679022346543 1.592276390438453
0.4615078003569256 1.36937123139653
0.5521886310903187 1.663133967266834
0.4515250363336649 1.417595009957892
0.05946072627290555 0.442132799937995
0.9708164019897202 1.9433391505099462
0.5160154795426433 1.4029309313371436
0.6643118065142691 1.7035085821166294
0.8225618573788137 1.9783256771853317
0.7717910550611944 2.140659122580075
0.6618110167317376 1.9361016460089013
0.4960091814869838 1.5402293174220985
0.951515954713314 1.995937154699453
0.1368660695551257 0.8289397175445257
0.7842741973377305 2.113456335040847
0.3153359841573171 1.03046039009904
0.34701434447750856 1.1908872709483964
0.752062810289222 1.935797059262118
0.9082296140887195 2.005386817364408
0.0736839088732908 0.5367650954175704
0.7695582450466344 2.1266324983245894
0.245245524277372 0.8355889348407183
0.6981425103048376 1.9312381292924394
0.6620098924017384 1.8076616095114226
0.7069760205948427 1.9490346655820914
0.40295581641587963 1.199762432978697
0.5403270738951301 1.66564558208601
0.5244646299190714 1.4448967432485502
0.9126250817421793 2.107645120229936
0.8638037203369245 2.018922279405924
0.4126882002870086 1.2262949857768555
0.7727844114145117 2.034973996088423
0.8605973614462964 1.9783254435401785
0.1554478191479498 0.8454549706116916
0.14652693852197762 0.8738048330119134
0.011149854927600678 0.5729171074143626
0.840534893860577 2.036882733498228
0.7536366890681251 2.13667924208462
0.33595892267432415 1.0039631163112237
0.14854807327528174 0.7056063770096379
0.9670799205005921 2.0127046372619115
0.32359347830653795 1.0221405839079365
0.309922742194605 0.9324222867754682
0.4108118269159342 1.089256900054343
0.48487436326107314 1.5251370067204029
0.2524564511026184 0.9910596498133518
0.34779621646543135 1.1486646074431432
0.18941270566375623 0.42702524991002083
0.16187289411678885 0.8193697122424133
0.22338982234981142 0.8002253898929979
0.3048527988261953 0.9783735365986292
0.36023893536143814 1.19734579936443
0.23055402780516088 1.0312619971799604
0.8239868217350936 2.146039107935725
0.7288928584477663 1.8263244247075163
0.8263761083596436 2.0750965975357767
0.632069561161579 1.828550277593891
0.5909141877009373 1.722923375538645
0.3826757558141848 1.287807774584269
0.36728022013585426 1.1322546286351172
0.5861753460182421 1.7246526051313098
0.02303001847721653 0.45538445192957955
0.8720268244471345 2.1241580474617536
0.3547359459281937 1.0635721220587722
0.351041851540979 1.156457704250409
0.5583357088552794 1.6192267091142234
0.31102935170360346 0.9926119407048718
0.33913194847707917 1.1622690033097325
0.7000508698202612 2.0984202942300887
0.07607921884496505 0.663193956777495
0.47374726607608075 1.3114778215287235
0.8306706546435234 2.1144926454056394
0.6634438435363045 1.8592098180583227
0.8629310153365548 2.224079575965861
0.656329107044972 1.7237544712123987
0.8965347847261712 2.039323084929604
0.4028566844725513 1.2328897637676681
0.6496918879501138 1.8275049199116364
0.42843391145753174 1.2386067036509627
0.5149404699076408 1.4848079459969847
0.06950470841864131 0.5260529230860135
0.10006534953777324 0.7046080753957741
0.6365036722688076 1.830322633062205
0.059684477005546244 0.5096620908103382
0.9470403012137583 1.9503177037080675
0.681116210725013 2.097201578666791
0.6546225436259738 1.8302826731055999
0.8745629033703702 2.1296056491411046
0.4714689474157494 1.342338011243251
0.4563060355621721 1.3983455571910786
0.177769757081091 0.9093651075318212
0.17150723304255044 0.6449259356390493
0.599468428634715 1.8323571434046764
0.007333879678933952 0.43795099871763854
0.3921334307511005 1.3771339537534686
0.014475392842526191 0.4798576764132287
0.9595595912588942 1.9724678394269843
0.8356951114037077 2.152950831715929
0.7064565253120562 1.953429121287646
0.1558638459052366 0.6978734399360171
0.38667004418213924 1.2611878973168342
0.19711644501331338 0.8577320212191939
0.13178770843373588 0.6676186392751117
0.7086691343022192 1.916983258800301
0.8957729426550187 2.021466289360217
0.8376465185766107 2.127903554239611
0.43416205211268677 1.4410754376323038
0.4248070332456976 1.5169855296838106
0.456697211109548 1.5183435854949725
0.4536367957492041 1.3941234878960975
0.15598168988449135 0.6740439701316098
0.529607401904589 1.8899104360795471
0.2983170726014369 1.1839339135285705
0.16811456203394293 0.6090408420429004
0.14550202837233284 0.6981943370319398
0.4716298419588125 1.5220972056389288
0.19433979417487157 0.5270201840492469
0.4021833562642647 1.174490185863624
0.5222434335248183 1.5369108390494235
0.9049176576085215 2.1777769094113166
0.30023850085638126 1.0654986684451695
0.9093477517751448 2.0581966709782358
0.57332493555918 1.6828588814953047
0.01665973607776805 0.34868258191735435
0.8368078362734489 2.0925758311537703
0.7844579145067149 2.1736045961010753
0.07151663395242103 0.41944807874614165
0.46378892446965714 1.5210272078768508
0.23456138527290749 0.8674912111430492
0.6972081085955758 2.0230453075285264
0.5138211588409126 1.6247124748581099
0.35268606980988526 1.0015560870357578
0.7506939434036665 1.8853399697838762
0.8041284394045504 2.0554335964051007
0.5837017984282137 1.7573744671952012
0.46641487311452756 1.3383954840807906
0.6575757997780338 2.01422887275467
0.007069389893243128 0.3193151738752503
0.4591527703714149 1.5054530207284067
0.019057311620259365 0.5370085191149588
0.7091859007750775 2.1463095957841363
0.8038822332542386 2.1597860959280615
0.8171884492615978 2.063034364294187
0.18433667824493627 0.8368962240379823
0.9526904477214585 2.043699462758152
0.700889267779927 1.9012680396101538
0.7916171365804417 2.213728919176184
0.2828551472572083 0.9244087903954828
0.16786401386619554 0.8236975985845385
0.46773879971618726 1.4553316496668527
0.9751926653516625 2.0315024264088866
0.12171729843646484 0.5055290121496323
0.16472762810394992 0.7380163202593926
0.8075330117258754 2.0641106716694333
0.13402133551128703 0.4922095708309763
0.9236159448117941 1.8986683219462162
0.9055579597556914 2.0238669048953914
0.6880823876011081 1.7538817590189564
0.501983360439482 1.3977851416424756
0.15792326292166414 0.9572058192216535
0.5421599895186707 1.781117272993262
0.06312525883880227 0.5730011072662721
0.8777386206856939 2.0737036155394457
0.10556140560133564 0.4547838986546305
0.648464406267771 1.781510170182986
0.5290326503508406 1.6513001153577287
0.3517167131002693 1.1366033337591688
0.771865585921036 1.7927968903031049
0.5799251180236145 1.7981676178206547
0.7793002051476938 2.0295386215467603
0.6936166591657287 1.9424109457667726
0.7122927002933358 1.8640428009194392
0.306438486622851 0.9256753669837179
0.14349573826120476 0.7590530797508255
0.672311230294033 1.9711382083366222
0.38870572337555676 1.2152728022533066
0.859283648707875 2.0747570486533813
0.25597044971435123 1.0389661170237963
0.4732259460173103 1.3447211151172127
0.003999403066906826 0.6912034952041309
0.5095100661938432 1.5617515581637353
0.2592660856691905 0.8030269189605627
0.18238498430865557 0.7687030783521773
0.23342038587615643 0.7399399748105319
0.16325818889722454 0.6853706801524767
0.8349440073063105 2.009130867804953
0.79263941785722 2.134443490851665
0.23892266516763383 0.8875953153067877
0.07629224613296504 0.6654663301820974
0.3930292439585903 1.1293835978366398
0.9165409616459369 2.1028024188774728
0.6800264453296585 2.0073211644608877
0.7457502814368429 1.9688583939819508
0.3250221521613026 1.0843895766023668
0.4383376842706026 1.2122805187683787
0.7435065266372235 1.8237106280034083
0.1881758531737393 0.859536029615668
0.141324904769078 0.7596892352926545
0.8218117256893441 1.9446913278799072
0.7005690227306697 2.007733365948052
0.278340924358364 0.9169938352882008
0.9911251750406175 2.1671948965038954
0.8557553877831028 2.0801199400451846
0.8399975327915932 2.070961422509916
0.2571846220282328 0.783554836496406
0.38745461937558334 1.102284233756562
0.851478047368892 1.8633827433479093
0.07028663652573142 0.5361667508795799
0.5734074910745316 1.6315641524993383
0.5443496738557668 1.7034564812065263
0.84033877231097 2.078555016221701
0.042503210543434866 0.5616053628792058
0.7687370918660432 1.9912780903247835
0.9861925161165979 2.202188486983073
0.39358530760318167 1.1674947997075114
0.10184665020082717 0.5993101371777756
0.33386857652000657 1.0624779343026203
0.3123118809846921 1.1605519571995746
0.10059632624668369 0.658708156382759
0.30647394141795825 1.117678112818472
0.5171539128245183 1.5205189430533126
0.6340005203120174 1.8428011329991238
0.08911809636675982 0.5242711442231841
0.017337541964120406 0.49369375955738964
0.019493422286941398 0.31517007734399294
0.8371912863107542 1.9316941268605967
0.6151572969467167 1.8646544279961175
0.8129196215281284 2.1201837248327187
0.6620300721241904 1.809088080218961
0.9750673366939258 2.050839130700719
0.9411865283999774 2.0595628251564113
0.07291074146785959 0.7392362975189051
0.6612769363227133 1.6173463183249934
0.7415267414924825 2.0594097398596936
0.4925482226346143 1.5070855120546054
0.7964612951157073 2.084921702168705
0.2634799593064556 0.8699720903333493
0.0031113239815757643 0.589681970551061
0.4993430200966529 1.4585771075960676
0.20317533413621536 0.6852968619109088
0.73816393581915 1.9290253630763756
0.7568209494008702 2.0846040187844195
0.011229853705878035 0.5673585103325358
0.1468379750585982 0.7557787589754865
0.19161914176175143 0.7450592054108238
0.19429305700772515 0.688487483239963
0.013558436886459635 0.49812450548578957
0.4352242430670967 1.4067655801555137
0.017399260621944856 0.610125374189517
0.18113803302386622 0.7813529718101689
0.5357795434893916 1.5544275633933102
0.7856728973469459 1.9960219459373905
0.3037771877896198 1.1020193607961901
0.01105246606822563 0.5474024942002162
0.4758820047321465 1.4806252627881178
0.8010337871567152 1.9013628491463404
0.415558528850002 1.2022874469003146
0.5775784860803003 1.598124826496948
0.2300453642978204 0.9387673993424673
0.16221602707668625 0.6374027729998202
0.035285533360457144 0.657472299339555
0.37682519118369895 1.2499752458920814
0.3771399762356098 1.1865575196945934
0.9302442196153539 2.0462984699040083
0.5966721433737777 1.8449866671065098
0.3234013173046528 1.1375857675360168
0.26987149287232404 1.026560031003004
0.7932843201304491 1.868097833660237
0.0010024425676421478 0.5912890155644288
0.6567049635102277 1.911635665397901
0.9755261097172134 2.0202540388293815
0.08859376191411616 0.47682594810127976
0.1293252801703636 0.42484698304124396
0.2961675493346978 0.9666140901449876
0.609539632720739 1.8189169340469313
0.5537210676690254 1.6114826650777403
0.9856575101551194 1.985827966559556
0.1861233328171863 0.6237838281930275
0.7164517283487679 1.7688904549796174
0.7629035771440525 2.0735382555728643
0.9647157455516577 1.83527837687519
0.6116188744989248 1.628615414698761
0.806542944675177 1.9656517903375086
0.19707237156804547 0.6914801445972643
0.5472937995824833 1.6660727104524211
0.894668353214704 2.3113570385036772
0.6790523272282089 1.9243879934950978
0.75221376451165 2.1034454896766555
0.4517277370441961 1.4358074345693836
0.5457397258962108 1.4385364461821821
0.39143895482899715 1.2385809106686227
0.551531674805961 1.6435868579635424
0.0929083107579618 0.49633607700753885
0.5039838992922983 1.4008077096111726
0.7106862598156045 1.7844604365286683
0.6012095598719209 1.642665016880409
0.03298247345663097 0.46050568452360174
0.2253073929284669 0.9182107702958389
0.7481581286489389 2.0009428560246594
0.16694515447332547 0.6588784659236546
0.6499313160911796 1.777968802823594
0.7591431205351663 2.0916426412734017
0.5711192056007491 1.6071753429355258
0.9255607084660752 1.99695356019616
0.4776579976149322 1.3915342618890427
0.33418570203824416 1.0835742100667505
0.47004811006762137 1.5102810348250864
0.6231171312970726 1.701067018510585
0.13409033581430918 0.561843227782087
0.7594399022460039 1.9296282667203988
0.33985400877897765 1.0937676849261717
0.24367852838153292 0.7634319192773327
0.023535950914525428 0.45166406046097457
0.11546685538661727 0.738347774096142
0.23280727818331837 0.7008500209607442
0.12855022489641166 0.7730998494408907
0.42069693871138647 1.3142729471725176
0.7472263635125019 2.0102684515053584
0.5455801537749624 1.5125580217085453
0.2941768612647959 1.0771866354365978
0.31096054763274694 1.0357859446074322
0.1526496114424638 0.7591297257974496
0.4476690951004594 1.4842001274868655
0.51621366802364 1.547841055527072
0.5730791426130714 1.8847579000580028
0.05088352583269662 0.4677338634184898
0.695825703527051 1.6889909507478147
0.4451778748836148 1.3669114583400719
0.04971181608140185 0.5437422012090218
0.35534849888399855 1.1533949431053572
0.41671955376638625 1.0921741766128903
0.35551864159345503 1.2024748589873846
0.5959257219205933 1.9094578028662879
0.034064245081144584 0.6461042608249842
0.9962828748063325 2.0658610283587198
0.7445468996799408 1.9362294020573187
0.2521681623376577 0.8653508299042314
0.7202329120510473 1.9011179746364015
0.20169694984590947 0.7755140972883673
0.8611429891773427 2.0505110132430064
0.981389080028218 2.1533990152656792
0.03485041360029606 0.5482616486397924
0.13584741020282476 0.6812265377678156
0.45565004905071094 1.3176601138426423
0.3217127675890312 1.0141529654469623
0.8410449940409532 1.990014135529188
0.16869890680463773 0.8395066629960193
0.23841939049190042 0.7059519572511314
0.43312681408056675 1.3345436086702298
0.8002281518723495 2.1043487715187528
0.08195170059269419 0.6165579833409477
0.586333614671526 1.5236896342854784
0.8734934361633249 2.027146492421093
0.3912909501916889 1.3217380898935773
0.1803516036281383 0.7051391459264374
0.42461016348654834 1.2501220321786302
0.8163082455835591 2.1948016546738156
0.40077018270986875 1.0575775922388342
0.01999194871781873 0.4397230201930471
0.8928979680217575 2.040398217612361
0.7954123349740332 2.0438340295735515
0.32455854612284407 1.2576712730600685
0.7375490372932951 2.293059443171729
0.15506666450879547 0.6394073501116956
0.5296213429225423 1.51901799885551
0.5985444236557398 1.8637742334573457
0.38304313581135063 1.1097206316012167
0.19174448673909927 0.8096859012373924
0.49959001736398534 1.5368217218517484
0.6046387795187225 1.8338044157667222
0.12734839486336424 0.691138119375498
0.033808719182746305 0.40395519885073117
0.361667185680683 1.1072646570876439
0.7671837457737275 2.124769512045324
0.6421634024789029 1.832642915975281
0.08393221850930654 0.5163177411313202
0.30122554013525227 0.9105347829068396
0.7456922526255113 1.9943427327530205
0.314317168434715 1.2909423572177707
0.7042959770969757 2.0273918739287655
0.725469194445488 1.9520818814943868
0.7612317211617865 2.0215298053802204
0.41361221405849924 1.242404419658135
0.9501758389868048 1.9499289622949971
0.03233333103915237 0.46874590167380453
0.9897147560440639 1.8969684273172247
0.1345332972091463 0.5105683238211085
0.14648676395723792 0.532057469276389
0.4275906877815394 1.1672324847240172
0.8184046596349429 2.061209453803556
0.18095090770565803 0.8496406279944172
0.4762719324768675 1.3417837290329018
0.719269691910643 1.819243248407992
0.3090310934488746 0.9550515351987797
0.01962196452376319 0.49918657829277535
0.8791914805861155 2.1513857274943473
0.792372523100005 2.077966306318475
0.2163614927882297 1.0106503021932745
0.29549703812902395 0.9500595422628596
0.9158983515259744 1.9897637046164545
0.5750470519374532 1.687604879043846
0.28915890616945983 0.9592191499235044
0.8916271741104376 2.042625367882057
0.8513899948492765 2.1021431160912067
0.3632574874859231 1.215227817051419
0.6187780878338414 1.7553051814283982
0.07798664858734006 0.6744260968228115
0.6050988692203445 1.6839229714697266
0.862526011896848 2.0162308175265102
0.9209860957311821 2.0727778922530034
0.9190541106979443 2.0753664927656907
0.38289554028129547 1.2041996610008439
0.1585356955615259 0.7953555209602284
0.3685408603260717 1.0804173466746896
0.6857602883303102 1.9163765001068915
0.016958849927857123 0.5190270590993921
0.08966954815312445 0.6537430530237653
0.4843372951167978 1.3999721918965446
0.2318766597507248 0.8995344912662945
0.7481322712869672 1.9900811483029037
0.3094464491464506 1.0074199507249975
0.846077464051995 2.0210025065109396
0.7607525374956473 1.9991694829399043
0.07267447921081394 0.5633358152013426
0.3000766744923331 1.1085915377420015
0.4900768778924218 1.4543480026593227
0.9882339248750701 2.0110992168510453
0.6112278605659549 1.721243790873909
0.10608899743201083 0.6098943935317228
0.05083934119287348 0.5480061693499599
0.1956922666310762 0.7939702319913564
0.9386263189477081 2.055064482464353
0.012223492021117499 0.5250031172517181
0.6235320019779254 1.865985193425139
0.9414728151427844 1.9916286586023217
0.3659927706574112 1.2078890601951904
0.241841362357612 1.0294775715510187
0.5909681153513261 1.5994315868502536
0.7509195063298089 1.9959091351152147
0.15047013676502918 0.7230064569975219
0.30502268635502494 1.0541671009407714
0.7637059811625 1.9895664833097604
0.46215946375161054 1.2116701052230288
0.9392354799333986 2.1161367849560917
0.3004545137185083 1.1592149601892288
0.6688806609357848 1.7535341050966993
0.7380472468744469 1.9170513251116743
0.7317986280572262 2.1642969040439217
0.8465103313153727 1.9446672120075732
0.9805957883072972 1.8593920595705251
0.6600517500219251 1.8699081870283631
0.7696672799133905 2.0388959505655957
0.07236708330170794 0.7589608663764401
0.04387612920806594 0.6946824078971134
0.002197849685311004 0.31833911177515073
0.6759606696795766 2.0097521282279773
0.4392522677189741 1.31223696956548
0.8482437339488528 2.1909674028670443
0.3472695102032882 1.0570171045546484
0.38296403985790983 1.2179132872924832
0.22714725258215274 0.8294908573924178
0.05865019447423847 0.48329850542847697
0.5419902076839253 1.6035094401811745
0.04283509551519038 0.4978807759490123
0.46778755017428053 1.4020262259564173
0.7304025638991398 2.0232368652934785
0.1986538791694723 0.775111448875523
0.22009295706972298 0.7631477258117207
0.5795242221516148 1.6260691561965364
0.7446982772705664 1.986211135950503
0.48078380326467884 1.390439870178368
0.8066502270857838 2.113219839085593
0.9367962165680781 2.1067454791722517
0.817071850568678 2.1661675607695368
0.8795529536164727 1.9932909803749164
0.8384471958729356 2.1426765898805415
0.20086504193773025 0.8131411964747317
0.687767592714157 1.8387651478066727
0.6760137543225607 1.7266146284251451
0.35359266891889696 1.1915654116588623
0.45816611633481685 1.4644644869198842
0.8719881503554093 1.936285807032698
0.9017574753726534 1.9918634891648483
0.6271650502827566 1.8142017174249134
0.03683847502631865 0.6072388291092238
0.9130360523996383 2.0646370247564216
0.975909878723853 2.1438761184997976
0.6253023956576564 1.8391342611428245
0.09793181818549979 0.6310433060706152
0.8894723946621114 2.170176563652123
0.3297068378184952 1.176213651499592
0.3206127306817299 1.06466619906205
0.7678033382114271 2.0321492680395834
0.2607219851764321 0.8716360921473605
0.5618243326227231 1.5995222152061246
0.8869403875834783 2.1566298967261592
0.9469431088798275 1.902909343579454
0.5252055763237271 1.5866011107472564
0.8050354546081704 1.8237324871538978
0.9054968113166132 2.0086839922123456
0.24700986508443123 0.6382004567394332
0.8041647909479844 1.925494509811348
0.10470923294193357 0.5534956218156731
0.21938763409440365 0.7994677309670336
0.13410366799739848 0.5758806278337874
0.2659979956548145 0.8174725410997846
0.22947712173247026 0.8501086551645586
0.566599781280601 1.666182165644675
0.05620764152171942 0.5106102953756385
0.5824651427659698 1.7605217188794822
0.34408135557248476 1.1640849484610925
0.960771543274309 2.142130814433222
0.2746650374731854 0.8692766058571151
0.12376855396948727 0.547097013462715
0.234513905522151 0.7294223881157675
0.994432443292764 1.9090386189800161
0.7426901460604342 2.034870117454054
0.17176032344356973 0.8186017630551429
0.42761319790030616 1.500097815888628
0.6613545169041974 1.8290842126009386
0.6707306978518744 1.7678487471384858
0.14100861941964626 0.6009649290235746
0.7112896217265349 2.0481286864718307
0.5042834051644894 1.4095566523216174
0.38260785120705165 1.1909688362795259
0.15836801654539512 0.8275215679420452
0.9610575035999677 1.938931112978618
0.9519355203638253 1.8427905117315828
0.41882478075597207 1.2192191007081536
0.9611032790262641 2.0798077524347716
0.33343284622449665 1.0465346871181875
0.012244680273485353 0.4916237984092561
0.5493363085567879 1.7268792056918991
0.6859435312021518 1.7329289514088813
0.27762463825653394 0.9052775460800702
0.16824704872979868 0.7998790854715296
0.141756707914525 0.487548883837141
0.486694513279309 1.5206089661431927
0.032539204544766 0.605559587173796
0.49293636808588404 1.6076295239005702
0.26929527563120725 0.9763896026632923
0.0335107442964353 0.506380915953478
0.28057720092814065 1.0358398238206517
0.205178279969365 0.7051039154415859
0.5754508330800295 1.5424961058988886
0.4231129752245111 1.3525687138859928
0.32505801521323263 1.1929724237119004
0.3249653783076344 1.088637727875717
0.6976299771922636 2.022925224485518
0.9121445810075305 2.049433805652592
0.9205889332536688 2.116017766109202
0.20305551739551542 0.8310836387098454
0.1479958829432082 0.7444476364128423
0.5896289114712929 1.595155785762926
0.515975304064589 1.622642850515158
0.43523729263150235 1.0064864188648035
0.5218123251866059 1.6310919248365365
0.029747118195110334 0.47360401263529417
0.9111705945478765 1.861536150478958
0.9654592683230664 2.0567404615976637
0.4711948946606688 1.532307187299126
0.17332088508735422 0.9043076604085204
0.18318078135337967 0.954786992987152
0.9073586858975317 2.067228153298211
0.3959004962495576 1.1668410859046907
0.8545245942570331 2.0477476757393607
0.8417749709238125 2.090262258363442
0.10952979266933782 0.5032973309345056
0.026580329693543514 0.44554034550849336
0.1554175606893068 0.6950497228111078
0.4225616198922718 1.2821157774539735
0.29332617355785007 1.0363561867105116
0.9312965698754235 2.124304919878836
0.0633777707848533 0.627245644524819
0.8230822559032485 2.1953612828535
0.7975116733740312 2.0296847929705644
0.5539505108467421 1.6549182393347561
0.23850245324293073 0.8782553093285179
0.32133563462910175 1.1436801501493767
0.15860060362401285 0.6908827713077389
0.5302739807734013 1.380722191464822
0.8422573926749838 2.1495107402582154
0.32231987590739763 0.9638057607799577
0.8965172915507091 2.106657268679097
0.4792940993382463 1.5939358582304568
0.1539554641698182 0.5797671885689305
0.19375033184144064 0.6747690211587545
0.5228462274590234 1.6373366331529193
0.20878961142325048 0.6070163506126267
0.6479978263723423 1.7751476341159163
0.9100343687801701 2.0539959582232963
0.7272138039527793 2.002711704346606
0.5514538529311331 1.715009002740377
0.4288717500165081 1.1641161172448833
0.8689585763531283 2.064840559927102
0.5323200125280388 1.60773234281787
0.850143730130275 2.0260724731347985
0.24762476279707213 0.8086479649772712
0.6130638039721543 1.8955351455740974
0.551343126079061 1.6594942197026663
0.5421735857556174 1.5660530992078843
0.13424971622347193 0.5339623542737555
0.5063589628698087 1.524855646993706
0.9984501805065048 1.9649148693629463
0.9992140251332277 2.0763024667995347
0.4289954550157119 1.203703975868324
0.08350571518721783 0.6111640513664605
0.5224955818056942 1.5515046614558181
0.4238639187203015 1.417891008835118
0.3907356738049983 1.1913453727843688
0.7346966022412579 1.9979768070874926
0.08180227623921044 0.6761222774022427
0.9624924025219842 2.112039781478826
0.5476047690067919 1.7527187046569723
0.4218116178800947 1.1172339460323732
0.09205624935287449 0.5358448905975648
0.6787004470317646 1.846213802814745
0.0685369119483118 0.5726514843169236
0.8783317288378775 2.189241321552675
0.09903454755508512 0.7207989097522209
0.7972094445771455 1.7897532661336468
0.19154476994270986 0.7941397757540588
0.5046504163013388 1.455665585016088
0.811922672940509 2.0553194636755903
0.5892540043317981 1.7143000036632998
0.8343486606346975 2.268090961614886
0.5090838282351478 1.527373119880881
0.8081080547352484 2.013210318424416
0.3572586852103935 1.040542800951635
0.8218621991277035 2.082519923624225
0.684259832707647 1.8247539495985239
0.31596241529100166 0.901042608025735
0.8632835929398232 2.0425912033552485
0.05848561602279323 0.5616542754456111
0.3268043028918126 1.0669133762910148
0.6540404473729847 1.8864306267507052
0.8656204704333207 2.0378901900642634
0.28014028584417405 1.1537672614893475
0.6565271324769545 1.777101286991146
0.34552296962250595 1.0586967702135084
0.9941063090303444 2.0728691698431234
0.16541932694205774 0.6909066773881696
0.4317105130601324 1.4895955918160915
0.060259775959297324 0.3694449539251625
0.24379361441195124 0.8842048267846406
0.6918473467859696 1.6925988424633795
0.32376037556411463 1.0522570454825684
0.6340922091684297 1.8055276343957531
0.06526900071151875 0.5706294118721695
0.8010945760449423 1.9602675572354624
0.8836165031821234 2.0481429228721897
0.9063426769145342 2.0029279711442127
0.758008542122542 2.12983021354524
0.32308822950315685 1.0346411315729411
0.4167944405735695 1.0584039701296089
0.957904864730367 2.0960168757719684
0.8873387966753912 1.9771892471751766
0.9400585595563811 1.92790792607281
0.5447498322826538 1.4941249666124445
0.643271443215414 1.7280272038853932
0.9430201812750251 1.9295650432029667
0.07388954756171617 0.507365818234209
0.11538584563008758 0.5115097358222628
0.28557861896359304 0.8017811770693897
0.9091256982708263 2.0915975227929877
0.6787759473379462 1.9024844873599085
0.49330983774089043 1.398497892440948
0.3217706460116543 1.0581198831085656
0.7890177854022792 2.1554168993414557
0.3934039008626561 1.1641923727589605
0.45607401797933356 1.3024783324766882
0.6815925353319533 1.9913129539829602
0.42643309984753797 1.3385456781756429
0.5748644112590232 1.605463705207348
0.5850143974905119 1.8243318488646147
0.364931965201698 1.097931258585033
0.8517291299529107 2.144404313798914
0.006697879607991397 0.4874543196801597
